395
395
395
395
395
395
395
395
395
395
395
395
395
395
395
395
395
395
395
395
395
1516
1516
1516
1516
767
767
767
767
767
2960
2960
3669
3669
2960
2960
1688
1688
1688
1688
1688
1688
1688
972
795
972
795
972
795
972
795
972
795
176
176
176
176
577
577
577
577
577
577
2495
2495
656
2495
2495
2495
1415
2495
2495
1076
2495
2347
2347
1124
1124
1124
2347
2347
2347
2347
2252
2252
2252
2252
2252
2252
1554
1554
743
743
743
3587
3587
3587
3587
3587
874
874
874
874
874
1496
1496
1496
1496
2482
2482
2482
2482
2482
1153
3043
1153
1153
1153
3472
3472
3472
3472
3472
3472
3472
677
3176
885
885
885
1725
1725
1725
1725
1725
915
1226
987
1141
1730
4307
1730
4307
1575
1575
1575
1575
1227
833
987
833
987
833
987
833
987
833
987
833
987
95
11562
179
95
11562
179
2235
2235
2235
5164
5164
5164
5164
1906
1906
1906
1638
1906
1906
1906
1906
1906
1499
1499
414
1499
414
1499
826
377
826
377
826
377
826
377
1535
1535
1535
1535
2266
2529
2266
2529
1241
1241
1918
885
1730
4193
4193
2865
1719
1825
4193
2865
1719
1786
3497
4307
1779
1116
1116
1283
2142
2142
738
1061
1061
9577
2549
3656
3656
3656
3656
3656
3656
3656
3656
3656
3656
376
376
742
1513
1513
598
917
798
798
798
611
611
611
1099
1099
619
619
619
619
619
1305
1574
629
1305
1574
629
1305
1574
629
1305
1574
629
662
5566
5255
5566
5255
2613
2613
2613
1843
416
1885
1714
3176
1909
2226
2687
2067
3418
3418
3418
1301
1119
2546
1119
2546
1119
1435
1402
1085
1085
1085
1085
2035
1655
1655
1655
690
690
1577
2096
2096
2096
2096
2096
2096
2096
2096
2096
2096
2096
2096
2096
2096
2096
2096
2096
837
837
837
2096
2096
2096
2096
2096
2096
2096
2096
2096
2096
2096
2096
2096
2096
2096
2096
2096
2096
2096
2096
2096
2096
2096
2096
2096
2096
2096
2096
2096
2096
2096
2096
2096
2096
2096
2096
2096
2096
726
1272
1272
1052
990
1217
674
1818
1917
1912
1546
1546
286
2934
2122
2934
2122
1912
2806
3025
2806
3025
2504
869
1850
966
639
804
1831
4603
59657
831
1126
2625
690
3309
3309
584
2826
1888
939
3458
725
3510
989
6328
4558
1828
1608
1684
2356
741
184
608
9166
