590
590
590
590
590
590
590
590
590
590
590
590
590
590
590
590
590
590
590
590
590
1537
1537
1537
1537
830
830
830
830
830
3621
3621
4223
4223
3621
3621
1731
1731
1731
1731
1731
1731
1731
1085
854
1085
854
1085
854
1085
854
1085
854
189
189
189
189
824
824
824
824
824
824
3337
3337
772
3337
3337
3337
1687
3337
3337
1098
3337
3040
3040
1027
1027
1027
3040
3040
3040
3040
3051
3051
3051
3051
3051
3051
1561
1561
827
827
827
4336
4336
4336
4336
4336
1060
1060
1060
1060
1060
2037
2037
2037
2037
3169
3169
3169
3169
3169
1686
2679
1686
1686
1686
4809
4809
4809
4809
4809
4809
4809
813
3040
1219
1219
1219
1894
1894
1894
1894
1894
1294
1781
1408
1280
2585
5421
2585
5421
1962
1962
1962
1962
1154
1657
1761
1657
1761
1657
1761
1657
1761
1657
1761
1657
1761
110
9239
167
110
9239
167
2763
2763
2763
3917
3917
3917
3917
2609
2609
2609
1503
2609
2609
2609
2609
2609
2350
2350
433
2350
433
2350
1061
566
1061
566
1061
566
1061
566
1667
1667
1667
1667
1978
2206
1978
2206
1232
1232
2195
1008
2134
4424
4424
2517
1839
2516
4424
2517
1839
1861
3818
5421
1984
1114
1114
1435
2861
2861
886
1325
1325
8232
2275
5610
5610
5610
5610
5610
5610
5610
5610
5610
5610
435
435
568
1318
1318
702
820
851
851
851
772
772
772
1677
1677
810
810
810
810
810
1581
1867
725
1581
1867
725
1581
1867
725
1581
1867
725
567
5061
4485
5061
4485
3025
3025
3025
1968
461
1308
2010
3926
2375
2574
2849
2245
2763
2763
2763
1363
1029
1944
1029
1944
1029
1042
1476
1384
1384
1384
1384
1900
1770
1770
1770
520
520
2023
2506
2506
2506
2506
2506
2506
2506
2506
2506
2506
2506
2506
2506
2506
2506
2506
2506
809
809
809
2506
2506
2506
2506
2506
2506
2506
2506
2506
2506
2506
2506
2506
2506
2506
2506
2506
2506
2506
2506
2506
2506
2506
2506
2506
2506
2506
2506
2506
2506
2506
2506
2506
2506
2506
2506
2506
2506
723
904
904
1105
857
1743
801
1682
2079
2187
1688
1688
260
2754
1996
2754
1996
2187
2429
2613
2429
2613
3031
872
2142
1021
660
795
2066
4453
44774
756
919
2119
873
4506
4506
807
1834
1855
969
3235
795
3533
1110
5216
3099
1915
1840
1535
2332
804
234
596
10965
